image_width: 320
image_height: 240
camera_name: left
camera_matrix:
  rows: 3
  cols: 3
  data: [895.806931, 0.000000, 91.980796, 0.000000, 891.722308, 125.533544, 0.000000, 0.000000, 1.000000]
distortion_model: plumb_bob
distortion_coefficients:
  rows: 1
  cols: 5
  data: [0.012978, -1.796500, -0.008891, -0.000032, 0.000000]
rectification_matrix:
  rows: 3
  cols: 3
  data: [0.906934, -0.019658, 0.420813, 0.015733, 0.999794, 0.012799, -0.420978, -0.004987, 0.907057]
projection_matrix:
  rows: 3
  cols: 4
  data: [1003.531295, 0.000000, -348.852467, 0.000000, 0.000000, 1003.531295, 124.764425, 0.000000, 0.000000, 0.000000, 1.000000, 0.000000]
