image_width: 320
image_height: 240
camera_name: right
camera_matrix:
  rows: 3
  cols: 3
  data: [872.033038, 0.000000, 127.716125, 0.000000, 868.568415, 132.019630, 0.000000, 0.000000, 1.000000]
distortion_model: plumb_bob
distortion_coefficients:
  rows: 1
  cols: 5
  data: [-0.459334, 0.556907, 0.001555, 0.003410, 0.000000]
rectification_matrix:
  rows: 3
  cols: 3
  data: [0.879500, -0.014591, 0.475676, 0.019060, 0.999808, -0.004571, -0.475518, 0.013086, 0.879609]
projection_matrix:
  rows: 3
  cols: 4
  data: [1003.531295, 0.000000, -348.852467, -159.070912, 0.000000, 1003.531295, 124.764425, 0.000000, 0.000000, 0.000000, 1.000000, 0.000000]
