image_width: 640
image_height: 480
camera_name: left
camera_matrix:
  rows: 3
  cols: 3
  data: [400.101783, 0.000000, 313.582034, 0.000000, 399.754633, 231.646524, 0.000000, 0.000000, 1.000000]
distortion_model: plumb_bob
distortion_coefficients:
  rows: 1
  cols: 5
  data: [-0.354733, 0.118519, -0.002171, -0.002778, 0.000000]
rectification_matrix:
  rows: 3
  cols: 3
  data: [0.962165, 0.038824, -0.269687, -0.038848, 0.999231, 0.005249, 0.269684, 0.005426, 0.962934]
projection_matrix:
  rows: 3
  cols: 4
  data: [433.553025, 0.000000, 470.352457, 0.000000, 0.000000, 433.553025, 236.488789, 0.000000, 0.000000, 0.000000, 1.000000, 0.000000]
