image_width: 640
image_height: 480
camera_name: right
camera_matrix:
  rows: 3
  cols: 3
  data: [426.342160, 0.000000, 303.467386, 0.000000, 426.597695, 249.950741, 0.000000, 0.000000, 1.000000]
distortion_model: plumb_bob
distortion_coefficients:
  rows: 1
  cols: 5
  data: [-0.392954, 0.140336, 0.000329, 0.001084, 0.000000]
rectification_matrix:
  rows: 3
  cols: 3
  data: [0.964555, 0.030764, -0.262084, -0.030740, 0.999519, 0.004191, 0.262087, 0.004014, 0.965036]
projection_matrix:
  rows: 3
  cols: 4
  data: [433.553025, 0.000000, 470.352457, -54.116684, 0.000000, 433.553025, 236.488789, 0.000000, 0.000000, 0.000000, 1.000000, 0.000000]
